[[-1.51867695e-01,  2.37696112e+00, -7.31870475e+02],
 [ 1.34465124e+00, -6.05606532e+00,  1.82353002e+03],
 [ 2.86816346e-03, -6.14652204e-03,  1.00000000e+00]],

[[ 5.48766813e-02, -9.05812335e-01,  2.80966870e+02],
 [-9.67172377e-02, -1.26828297e+00,  3.02012885e+02],
 [-4.53728009e-04, -2.74277984e-03,  1.00000000e+00]],

[[ 2.68808728e-02, -5.46361741e-01,  1.77166639e+02],
 [-7.89399071e-02, -1.43309858e+00,  4.90343070e+02],
 [-2.55477292e-04, -2.58130865e-03,  1.00000000e+00]],

[[ 2.82311607e-02, -5.48639025e-01,  1.75545923e+02],
 [-7.77419216e-02, -1.41994998e+00,  4.71859357e+02],
 [-2.65309629e-04, -2.61166777e-03,  1.00000000e+00]],

[[ 3.61696795e-02, -5.56189116e-01,  1.75176106e+02],
 [-4.48583657e-02, -1.48922186e+00,  4.91039045e+02],
 [-2.01451918e-04, -2.66809945e-03,  1.00000000e+00]],

[[ 3.84912241e-02, -5.57808166e-01,  1.74378193e+02],
 [-5.49986770e-02, -1.46403487e+00,  4.88213871e+02],
 [-2.13058301e-04, -2.64660055e-03,  1.00000000e+00]],

[[ 3.89747080e-02, -5.63248293e-01,  1.74659566e+02],
 [-7.82324998e-02, -1.43044737e+00,  4.80965354e+02],
 [-2.58803987e-04, -2.60620624e-03,  1.00000000e+00]],

[[ 2.83689861e-02, -5.46012580e-01,  1.72521269e+02],
 [-1.41957576e-01, -1.34969817e+00,  4.79469333e+02],
 [-3.53120463e-04, -2.49182700e-03,  1.00000000e+00]],

[[ 2.22349084e-02, -5.31209806e-01,  1.72258530e+02],
 [-1.61090911e-01, -1.32285869e+00,  4.88319434e+02],
 [-3.74211286e-04, -2.43083557e-03,  1.00000000e+00]],

[[ 2.56876022e-02, -5.34161685e-01,  1.67829395e+02],
 [-1.84451262e-01, -1.32297420e+00,  4.85257369e+02],
 [-4.00797216e-04, -2.44790484e-03,  1.00000000e+00]],

