[[-6.50438052e-01, -2.10810906e+00, -2.84556633e+02],
 [-2.18457385e+00, -3.15000742e+00,  1.46594606e+03],
 [-1.20616226e-03, -8.60623553e-03,  1.00000000e+00]],

[[-5.85824705e-01, -1.26990716e+00,  1.08776208e+02],
 [-1.08383451e+00, -1.53129133e+00,  7.42427382e+02],
 [-1.25792048e-03, -4.60180988e-03,  1.00000000e+00]],

[[-4.89090480e-01, -1.37005419e+00,  6.80781959e+01],
 [-1.09932863e+00, -1.65651481e+00,  7.78361118e+02],
 [-1.07286576e-03, -5.01348565e-03,  1.00000000e+00]],

[[-5.05565892e-01, -1.98446086e+00, -8.28280623e+01],
 [-1.49451656e+00, -2.47332182e+00,  1.07008815e+03],
 [-8.44002206e-04, -7.38270750e-03,  1.00000000e+00]],

[[-5.38383804e-01, -1.61635069e+00, -4.69200322e+01],
 [-1.35093212e+00, -2.06202611e+00,  9.30952654e+02],
 [-1.14629922e-03, -6.15673397e-03,  1.00000000e+00]],

[[-5.20758529e-01, -2.15566819e+00, -2.65564591e+02],
 [-1.75053091e+00, -2.84417258e+00,  1.19206322e+03],
 [-1.09493701e-03, -8.47001622e-03,  1.00000000e+00]],

[[-5.07873174e-01, -1.41228868e+00, -1.28326120e+01],
 [-1.18065504e+00, -1.79397845e+00,  8.15772448e+02],
 [-1.16690827e-03, -5.42464677e-03,  1.00000000e+00]],

[[-1.33946035e+00,  6.36524470e+00,  2.74994784e+03],
 [ 3.30132730e+00,  8.45079144e+00, -2.25163753e+03],
 [-2.86766940e-03,  2.55868560e-02,  1.00000000e+00]],

[[ 5.38444696e-01, -7.87855480e+00, -2.23839583e+03],
 [-4.40170651e+00, -1.01685458e+01,  3.19490785e+03],
 [ 8.49443452e-04, -3.05882198e-02,  1.00000000e+00]],

[[ 3.93050838e-01, -5.65855304e+00, -1.47870293e+03],
 [-3.16700098e+00, -7.17273545e+00,  2.35091818e+03],
 [ 4.32979778e-04, -2.16509110e-02,  1.00000000e+00]],

[[ 3.25197215e+01, -1.66685375e+02, -5.21873021e+04],
 [-6.88847767e+01, -2.05891575e+02,  5.47056177e+04],
 [ 6.14926013e-02, -6.20402899e-01,  1.00000000e+00]],

[[-2.18071248e+00,  7.56138538e+00,  2.80407494e+03],
 [ 2.41297304e+00,  9.16802485e+00, -1.95785130e+03],
 [-4.15372388e-03,  2.75698374e-02,  1.00000000e+00]],

[[-1.07993299e+00,  2.44698250e+00,  1.17275144e+03],
 [ 3.35191956e-01,  2.92743444e+00, -2.89131618e+02],
 [-2.15881982e-03,  8.67815296e-03,  1.00000000e+00]],

[[-9.91787429e-01,  2.94687517e+00,  1.57627476e+03],
 [ 1.17631369e+00,  3.77630025e+00, -6.99807344e+02],
 [-1.87045052e-03,  1.16816121e-02,  1.00000000e+00]],

[[-6.71712076e-01,  1.13723786e+00,  9.00122828e+02],
 [ 1.68435718e-01,  1.44999163e+00,  2.22989654e+01],
 [-1.31860248e-03,  4.47490515e-03,  1.00000000e+00]],

[[-9.75416147e-01, -1.38760244e+00, -2.22566768e+03],
 [-6.75460714e+00, -2.52385926e+00,  3.53414231e+03],
 [-3.44463840e-03, -1.40582248e-02,  1.00000000e+00]],

[[-5.13620120e-01,  4.83250552e-01,  7.12392089e+02],
 [-1.25617443e-01,  7.46006180e-01,  2.73897964e+02],
 [-1.02197178e-03,  2.15612281e-03,  1.00000000e+00]],

[[-5.07773193e-01,  3.53877522e-01,  6.58167361e+02],
 [-2.55310952e-01,  5.47584112e-01,  3.71731454e+02],
 [-9.72414382e-04,  1.48042483e-03,  1.00000000e+00]],

